0,0,0,0,0
0.001001,0,0,0,0
0.002002,0,0,0,0
0.003003,0,0,0,0
0.004004,0,0,0,0
0.00500501,0,0,0,0
0.00600601,0,0,0,0
0.00700701,0,0,0,0
0.00800801,0,0,0,0
0.00900901,0,0,0,0
0.01001,0,0,0,0
0.011011,0,0,0,0
0.012012,0,0,0,0
0.013013,0,0,0,0
0.014014,0,0,0,0
0.015015,0,0,0,0
0.016016,0,0,0,0.226107
0.017017,0,0,0,0.399399
0.018018,0,0,0,0.496246
0.019019,0,0,0,0.56514
0.02002,0,0,0,0.619331
0.021021,0,0,0,0.664672
0.022022,0,0,0,0.704306
0.023023,0,0,0,0.740137
0.024024,0,0,0,0.773423
0.025025,0,0,0,0.805059
0.026026,0,0,0,0.835729
0.027027,0,0,0,0.86599
0.028028,0,0,0,0.896331
0.029029,0,0,0,0.927209
0.03003,0,0,0,0.959085
0.031031,0,0,0,0.99245
0.032032,0,0,0.226107,0.974103
0.033033,0,0,0.329758,0.944066
0.034034,0,0,0.399399,0.916777
0.035035,0,0,0.452755,0.891635
0.036036,0,0,0.496246,0.868182
0.037037,0,0,0.533083,0.846063
0.038038,0,0,0.56514,0.824995
0.039039,0,0,0.593616,0.804749
0.04004,0,0,0.619331,0.78513
0.041041,0,0,0.642872,0.765974
0.042042,0,0,0.664672,0.747135
0.043043,0,0,0.685064,0.728483
0.044044,0,0,0.704306,0.709896
0.045045,0,0,0.722608,0.691258
0.046046,0,0,0.740137,0.672456
0.047047,0,0,0.757036,0.653374
0.048048,0,0,0.773423,0.633891
0.049049,0,0,0.7894,0.613879
0.0500501,0,0,0.805059,0.593195
0.0510511,0,0,0.820478,0.571679
0.0520521,0,0,0.835729,0.549143
0.0530531,0,0,0.850879,0.525362
0.0540541,0,0,0.86599,0.500061
0.0550551,0,0,0.881122,0.47289
0.0560561,0,0,0.896331,0.443386
0.0570571,0,0,0.911675,0.410913
0.0580581,0,0,0.927209,0.374544
0.0590591,0,0,0.942993,0.332813
0.0600601,0,0,0.959085,0.283117
0.0610611,0,0,0.975549,0.219783
0.0620621,0,0,0.99245,0.12265
0.0630631,0,0.138254,0.990397,0
0.0640641,0,0.226107,0.974103,0
0.0650651,0,0.284435,0.958695,0
0.0660661,0,0.329758,0.944066,0
0.0670671,0,0.367257,0.93012,0
0.0680681,0,0.399399,0.916777,0
0.0690691,0,0.427597,0.903969,0
0.0700701,0,0.452755,0.891635,0
0.0710711,0,0.47549,0.879721,0
0.0720721,0,0.496246,0.868182,0
0.0730731,0,0.515359,0.856975,0
0.0740741,0,0.533083,0.846063,0
0.0750751,0,0.549623,0.835413,0
0.0760761,0,0.56514,0.824995,0
0.0770771,0,0.579767,0.814782,0
0.0780781,0,0.593616,0.804749,0
0.0790791,0,0.606778,0.794871,0
0.0800801,0,0.619331,0.78513,0
0.0810811,0,0.631344,0.775503,0
0.0820821,0,0.642872,0.765974,0
0.0830831,0,0.653967,0.756523,0
0.0840841,0,0.664672,0.747135,0
0.0850851,0,0.675027,0.737793,0
0.0860861,0,0.685064,0.728483,0
0.0870871,0,0.694815,0.719189,0
0.0880881,0,0.704306,0.709896,0
0.0890891,0,0.713563,0.700591,0
0.0900901,0,0.722608,0.691258,0
0.0910911,0,0.731459,0.681885,0
0.0920921,0,0.740137,0.672456,0
0.0930931,0,0.748657,0.662957,0
0.0940941,0,0.757036,0.653374,0
0.0950951,0,0.765286,0.64369,0
0.0960961,0,0.773423,0.633891,0
0.0970971,0,0.781457,0.623959,0
0.0980981,0,0.7894,0.613879,0
0.0990991,0,0.797264,0.60363,0
0.1001,0,0.805059,0.593195,0
0.101101,0,0.812793,0.582552,0
0.102102,0,0.820478,0.571679,0
0.103103,0,0.82812,0.560551,0
0.104104,0,0.835729,0.549143,0
0.105105,0,0.843312,0.537424,0
0.106106,0,0.850879,0.525362,0
0.107107,0,0.858436,0.512921,0
0.108108,0,0.86599,0.500061,0
0.109109,0,0.87355,0.486735,0
0.11011,0,0.881122,0.47289,0
0.111111,0,0.888713,0.458464,0
0.112112,0,0.896331,0.443386,0
0.113113,0,0.903982,0.42757,0
0.114114,0,0.911675,0.410913,0
0.115115,0,0.919414,0.39329,0
0.116116,0,0.927209,0.374544,0
0.117117,0,0.935066,0.354473,0
0.118118,0,0.942993,0.332813,0
0.119119,0,0.950997,0.309201,0
0.12012,0,0.959085,0.283117,0
0.121121,0,0.967267,0.253762,0
0.122122,0,0.975549,0.219783,0
0.123123,0,0.98394,0.178498,0
0.124124,0,0.99245,0.12265,0
0.125125,0.0465424,0.998916,0,0
0.126126,0.138254,0.990397,0,0
0.127127,0.188198,0.982131,0,0
0.128128,0.226107,0.974103,0,0
0.129129,0.257436,0.966295,0,0
0.13013,0.284435,0.958695,0,0
0.131131,0.308299,0.951289,0,0
0.132132,0.329758,0.944066,0,0
0.133133,0.349296,0.937012,0,0
0.134134,0.367257,0.93012,0,0
0.135135,0.383893,0.923378,0,0
0.136136,0.399399,0.916777,0,0
0.137137,0.413926,0.910311,0,0
0.138138,0.427597,0.903969,0,0
0.139139,0.440513,0.897746,0,0
0.14014,0.452755,0.891635,0,0
0.141141,0.464394,0.885629,0,0
0.142142,0.47549,0.879721,0,0
0.143143,0.486092,0.873908,0,0
0.144144,0.496246,0.868182,0,0
0.145145,0.505991,0.862539,0,0
0.146146,0.515359,0.856975,0,0
0.147147,0.524381,0.851484,0,0
0.148148,0.533083,0.846063,0,0
0.149149,0.54149,0.840707,0,0
0.15015,0.549623,0.835413,0,0
0.151151,0.5575,0.830177,0,0
0.152152,0.56514,0.824995,0,0
0.153153,0.572557,0.819865,0,0
0.154154,0.579767,0.814782,0,0
0.155155,0.586783,0.809744,0,0
0.156156,0.593616,0.804749,0,0
0.157157,0.600277,0.799792,0,0
0.158158,0.606778,0.794871,0,0
0.159159,0.613126,0.789985,0,0
0.16016,0.619331,0.78513,0,0
0.161161,0.625401,0.780303,0,0
0.162162,0.631344,0.775503,0,0
0.163163,0.637165,0.770727,0,0
0.164164,0.642872,0.765974,0,0
0.165165,0.648471,0.761239,0,0
0.166166,0.653967,0.756523,0,0
0.167167,0.659366,0.751822,0,0
0.168168,0.664672,0.747135,0,0
0.169169,0.669891,0.742459,0,0
0.17017,0.675027,0.737793,0,0
0.171171,0.680083,0.733135,0,0
0.172172,0.685064,0.728483,0,0
0.173173,0.689973,0.723835,0,0
0.174174,0.694815,0.719189,0,0
0.175175,0.699591,0.714543,0,0
0.176176,0.704306,0.709896,0,0
0.177177,0.708963,0.705246,0,0
0.178178,0.713563,0.700591,0,0
0.179179,0.718111,0.695929,0,0
0.18018,0.722608,0.691258,0,0
0.181181,0.727056,0.686578,0,0
0.182182,0.731459,0.681885,0,0
0.183183,0.735819,0.677178,0,0
0.184184,0.740137,0.672456,0,0
0.185185,0.744416,0.667716,0,0
0.186186,0.748657,0.662957,0,0
0.187187,0.752863,0.658177,0,0
0.188188,0.757036,0.653374,0,0
0.189189,0.761176,0.648545,0,0
0.19019,0.765286,0.64369,0,0
0.191191,0.769368,0.638806,0,0
0.192192,0.773423,0.633891,0,0
0.193193,0.777452,0.628943,0,0
0.194194,0.781457,0.623959,0,0
0.195195,0.785439,0.618939,0,0
0.196196,0.7894,0.613879,0,0
0.197197,0.793342,0.608777,0,0
0.198198,0.797264,0.60363,0,0
0.199199,0.80117,0.598437,0,0
0.2002,0.805059,0.593195,0,0
0.201201,0.808933,0.587901,0,0
0.202202,0.812793,0.582552,0,0
0.203203,0.816641,0.577146,0,0
0.204204,0.820478,0.571679,0,0
0.205205,0.824303,0.566148,0,0
0.206206,0.82812,0.560551,0,0
0.207207,0.831928,0.554884,0,0
0.208208,0.835729,0.549143,0,0
0.209209,0.839523,0.543324,0,0
0.21021,0.843312,0.537424,0,0
0.211211,0.847097,0.531438,0,0
0.212212,0.850879,0.525362,0,0
0.213213,0.854658,0.519192,0,0
0.214214,0.858436,0.512921,0,0
0.215215,0.862213,0.506547,0,0
0.216216,0.86599,0.500061,0,0
0.217217,0.869769,0.49346,0,0
0.218218,0.87355,0.486735,0,0
0.219219,0.877334,0.479881,0,0
0.22022,0.881122,0.47289,0,0
0.221221,0.884914,0.465754,0,0
0.222222,0.888713,0.458464,0,0
0.223223,0.892518,0.451012,0,0
0.224224,0.896331,0.443386,0,0
0.225225,0.900152,0.435576,0,0
0.226226,0.903982,0.42757,0,0
0.227227,0.907823,0.419354,0,0
0.228228,0.911675,0.410913,0,0
0.229229,0.915538,0.402231,0,0
0.23023,0.919414,0.39329,0,0
0.231231,0.923305,0.384069,0,0
0.232232,0.927209,0.374544,0,0
0.233233,0.93113,0.364688,0,0
0.234234,0.935066,0.354473,0,0
0.235235,0.939021,0.343861,0,0
0.236236,0.942993,0.332813,0,0
0.237237,0.946985,0.321279,0,0
0.238238,0.950997,0.309201,0,0
0.239239,0.95503,0.296509,0,0
0.24024,0.959085,0.283117,0,0
0.241241,0.963164,0.268915,0,0
0.242242,0.967267,0.253762,0,0
0.243243,0.971395,0.237471,0,0
0.244244,0.975549,0.219783,0,0
0.245245,0.97973,0.200321,0,0
0.246246,0.98394,0.178498,0,0
0.247247,0.98818,0.153299,0,0
0.248248,0.99245,0.12265,0,0
0.249249,0.996752,0.0805327,0,0
0.25025,0.998916,0,0,0
0.251251,0.994624,0,0,0
0.252252,0.990397,0,0,0
0.253253,0.986233,0,0,0
0.254254,0.982131,0,0,0
0.255255,0.978088,0,0,0
0.256256,0.974103,0,0,0
0.257257,0.970172,0,0,0
0.258258,0.966295,0,0,0
0.259259,0.96247,0,0,0
0.26026,0.958695,0,0,0
0.261261,0.954969,0,0,0
0.262262,0.951289,0,0,0
0.263263,0.947655,0,0,0
0.264264,0.944066,0,0,0
0.265265,0.940518,0,0,0
0.266266,0.937012,0,0,0
0.267267,0.933547,0,0,0
0.268268,0.93012,0,0,0
0.269269,0.92673,0,0,0
0.27027,0.923378,0,0,0
0.271271,0.92006,0,0,0
0.272272,0.916777,0,0,0
0.273273,0.913528,0,0,0
0.274274,0.910311,0,0,0
0.275275,0.907125,0,0,0
0.276276,0.903969,0,0,0
0.277277,0.900844,0,0,0
0.278278,0.897746,0,0,0
0.279279,0.894677,0,0,0
0.28028,0.891635,0,0,0
0.281281,0.888619,0,0,0
0.282282,0.885629,0,0,0
0.283283,0.882663,0,0,0
0.284284,0.879721,0,0,0
0.285285,0.876803,0,0,0
0.286286,0.873908,0,0,0
0.287287,0.871034,0,0,0
0.288288,0.868182,0,0,0
0.289289,0.86535,0,0,0
0.29029,0.862539,0,0,0
0.291291,0.859747,0,0,0
0.292292,0.856975,0,0,0
0.293293,0.85422,0,0,0
0.294294,0.851484,0,0,0
0.295295,0.848765,0,0,0
0.296296,0.846063,0,0,0
0.297297,0.843377,0,0,0
0.298298,0.840707,0,0,0
0.299299,0.838053,0,0,0
0.3003,0.835413,0,0,0
0.301301,0.832788,0,0,0
0.302302,0.830177,0,0,0
0.303303,0.82758,0,0,0
0.304304,0.824995,0,0,0
0.305305,0.822424,0,0,0
0.306306,0.819865,0,0,0
0.307307,0.817318,0,0,0
0.308308,0.814782,0,0,0
0.309309,0.812258,0,0,0
0.31031,0.809744,0,0,0
0.311311,0.807241,0,0,0
0.312312,0.804749,0,0,0
0.313313,0.802265,0,0,0
0.314314,0.799792,0,0,0
0.315315,0.797327,0,0,0
0.316316,0.794871,0,0,0
0.317317,0.792424,0,0,0
0.318318,0.789985,0,0,0
0.319319,0.787554,0,0,0
0.32032,0.78513,0,0,0
0.321321,0.782713,0,0,0
0.322322,0.780303,0,0,0
0.323323,0.7779,0,0,0
0.324324,0.775503,0,0,0
0.325325,0.773112,0,0,0
0.326326,0.770727,0,0,0
0.327327,0.768348,0,0,0
0.328328,0.765974,0,0,0
0.329329,0.763604,0,0,0
0.33033,0.761239,0,0,0
0.331331,0.758879,0,0,0
0.332332,0.756523,0,0,0
0.333333,0.754171,0,0,0
0.334334,0.751822,0,0,0
0.335335,0.749477,0,0,0
0.336336,0.747135,0,0,0
0.337337,0.744796,0,0,0
0.338338,0.742459,0,0,0
0.339339,0.740125,0,0,0
0.34034,0.737793,0,0,0
0.341341,0.735463,0,0,0
0.342342,0.733135,0,0,0
0.343343,0.730808,0,0,0
0.344344,0.728483,0,0,0
0.345345,0.726158,0,0,0
0.346346,0.723835,0,0,0
0.347347,0.721511,0,0,0
0.348348,0.719189,0,0,0
0.349349,0.716866,0,0,0
0.35035,0.714543,0,0,0
0.351351,0.71222,0,0,0
0.352352,0.709896,0,0,0
0.353353,0.707571,0,0,0
0.354354,0.705246,0,0,0
0.355355,0.702919,0,0,0
0.356356,0.700591,0,0,0
0.357357,0.698261,0,0,0
0.358358,0.695929,0,0,0
0.359359,0.693595,0,0,0
0.36036,0.691258,0,0,0
0.361361,0.688919,0,0,0
0.362362,0.686578,0,0,0
0.363363,0.684233,0,0,0
0.364364,0.681885,0,0,0
0.365365,0.679533,0,0,0
0.366366,0.677178,0,0,0
0.367367,0.674819,0,0,0
0.368368,0.672456,0,0,0
0.369369,0.670088,0,0,0
0.37037,0.667716,0,0,0
0.371371,0.665339,0,0,0
0.372372,0.662957,0,0,0
0.373373,0.66057,0,0,0
0.374374,0.658177,0,0,0
0.375375,0.655778,0,0,0
0.376376,0.653374,0,0,0
0.377377,0.650963,0,0,0
0.378378,0.648545,0,0,0
0.379379,0.646121,0,0,0
0.38038,0.64369,0,0,0
0.381381,0.641252,0,0,0
0.382382,0.638806,0,0,0
0.383383,0.636352,0,0,0
0.384384,0.633891,0,0,0
0.385385,0.631421,0,0,0
0.386386,0.628943,0,0,0
0.387387,0.626456,0,0,0
0.388388,0.623959,0,0,0
0.389389,0.621454,0,0,0
0.39039,0.618939,0,0,0
0.391391,0.616414,0,0,0
0.392392,0.613879,0,0,0
0.393393,0.611333,0,0,0
0.394394,0.608777,0,0,0
0.395395,0.606209,0,0,0
0.396396,0.60363,0,0,0
0.397397,0.60104,0,0,0
0.398398,0.598437,0,0,0
0.399399,0.595822,0,0,0
0.4004,0.593195,0,0,0
0.401401,0.590555,0,0,0
0.402402,0.587901,0,0,0
0.403403,0.585233,0,0,0
0.404404,0.582552,0,0,0
0.405405,0.579856,0,0,0
0.406406,0.577146,0,0,0
0.407407,0.57442,0,0,0
0.408408,0.571679,0,0,0
0.409409,0.568922,0,0,0
0.41041,0.566148,0,0,0
0.411411,0.563358,0,0,0
0.412412,0.560551,0,0,0
0.413413,0.557726,0,0,0
0.414414,0.554884,0,0,0
0.415415,0.552023,0,0,0
0.416416,0.549143,0,0,0
0.417417,0.546243,0,0,0
0.418418,0.543324,0,0,0
0.419419,0.540384,0,0,0
0.42042,0.537424,0,0,0
0.421421,0.534442,0,0,0
0.422422,0.531438,0,0,0
0.423423,0.528411,0,0,0
0.424424,0.525362,0,0,0
0.425425,0.522289,0,0,0
0.426426,0.519192,0,0,0
0.427427,0.516069,0,0,0
0.428428,0.512921,0,0,0
0.429429,0.509747,0,0,0
0.43043,0.506547,0,0,0
0.431431,0.503318,0,0,0
0.432432,0.500061,0,0,0
0.433433,0.496775,0,0,0
0.434434,0.49346,0,0,0
0.435435,0.490113,0,0,0
0.436436,0.486735,0,0,0
0.437437,0.483325,0,0,0
0.438438,0.479881,0,0,0
0.439439,0.476403,0,0,0
0.44044,0.47289,0,0,0
0.441441,0.46934,0,0,0
0.442442,0.465754,0,0,0
0.443443,0.462129,0,0,0
0.444444,0.458464,0,0,0
0.445445,0.454759,0,0,0
0.446446,0.451012,0,0,0
0.447447,0.447221,0,0,0
0.448448,0.443386,0,0,0
0.449449,0.439505,0,0,0
0.45045,0.435576,0,0,0
0.451451,0.431598,0,0,0
0.452452,0.42757,0,0,0
0.453453,0.423489,0,0,0
0.454454,0.419354,0,0,0
0.455455,0.415163,0,0,0
0.456456,0.410913,0,0,0
0.457457,0.406603,0,0,0
0.458458,0.402231,0,0,0
0.459459,0.397794,0,0,0
0.46046,0.39329,0,0,0
0.461461,0.388716,0,0,0
0.462462,0.384069,0,0,0
0.463463,0.379346,0,0,0
0.464464,0.374544,0,0,0
0.465465,0.369659,0,0,0
0.466466,0.364688,0,0,0
0.467467,0.359628,0,0,0
0.468468,0.354473,0,0,0
0.469469,0.349219,0,0,0
0.47047,0.343861,0,0,0
0.471471,0.338394,0,0,0
0.472472,0.332813,0,0,0
0.473473,0.32711,0,0,0
0.474474,0.321279,0,0,0
0.475475,0.315312,0,0,0
0.476476,0.309201,0,0,0
0.477477,0.302937,0,0,0
0.478478,0.296509,0,0,0
0.479479,0.289907,0,0,0
0.48048,0.283117,0,0,0
0.481481,0.276125,0,0,0
0.482482,0.268915,0,0,0
0.483483,0.261468,0,0,0
0.484484,0.253762,0,0,0
0.485485,0.245773,0,0,0
0.486486,0.237471,0,0,0
0.487487,0.228822,0,0,0
0.488488,0.219783,0,0,0
0.489489,0.210304,0,0,0
0.49049,0.200321,0,0,0
0.491491,0.189754,0,0,0
0.492492,0.178498,0,0,0
0.493493,0.166412,0,0,0
0.494494,0.153299,0,0,0
0.495495,0.138867,0,0,0
0.496496,0.12265,0,0,0
0.497497,0.103812,0,0,0
0.498498,0.0805327,0,0,0
0.499499,0.0465657,0,0,0
0.500501,0,0,0,0
0.501502,0,0,0,0
0.502503,0,0,0,0
0.503504,0,0,0,0
0.504505,0,0,0,0
0.505506,0,0,0,0
0.506507,0,0,0,0
0.507508,0,0,0,0
0.508509,0,0,0,0
0.50951,0,0,0,0
0.510511,0,0,0,0
0.511512,0,0,0,0
0.512513,0,0,0,0
0.513514,0,0,0,0
0.514515,0,0,0,0
0.515516,0,0,0,0
0.516517,0,0,0,0
0.517518,0,0,0,0
0.518519,0,0,0,0
0.51952,0,0,0,0
0.520521,0,0,0,0
0.521522,0,0,0,0
0.522523,0,0,0,0
0.523524,0,0,0,0
0.524525,0,0,0,0
0.525526,0,0,0,0
0.526527,0,0,0,0
0.527528,0,0,0,0
0.528529,0,0,0,0
0.52953,0,0,0,0
0.530531,0,0,0,0
0.531532,0,0,0,0
0.532533,0,0,0,0
0.533534,0,0,0,0
0.534535,0,0,0,0
0.535536,0,0,0,0
0.536537,0,0,0,0
0.537538,0,0,0,0
0.538539,0,0,0,0
0.53954,0,0,0,0
0.540541,0,0,0,0
0.541542,0,0,0,0
0.542543,0,0,0,0
0.543544,0,0,0,0
0.544545,0,0,0,0
0.545546,0,0,0,0
0.546547,0,0,0,0
0.547548,0,0,0,0
0.548549,0,0,0,0
0.54955,0,0,0,0
0.550551,0,0,0,0
0.551552,0,0,0,0
0.552553,0,0,0,0
0.553554,0,0,0,0
0.554555,0,0,0,0
0.555556,0,0,0,0
0.556557,0,0,0,0
0.557558,0,0,0,0
0.558559,0,0,0,0
0.55956,0,0,0,0
0.560561,0,0,0,0
0.561562,0,0,0,0
0.562563,0,0,0,0
0.563564,0,0,0,0
0.564565,0,0,0,0
0.565566,0,0,0,0
0.566567,0,0,0,0
0.567568,0,0,0,0
0.568569,0,0,0,0
0.56957,0,0,0,0
0.570571,0,0,0,0
0.571572,0,0,0,0
0.572573,0,0,0,0
0.573574,0,0,0,0
0.574575,0,0,0,0
0.575576,0,0,0,0
0.576577,0,0,0,0
0.577578,0,0,0,0
0.578579,0,0,0,0
0.57958,0,0,0,0
0.580581,0,0,0,0
0.581582,0,0,0,0
0.582583,0,0,0,0
0.583584,0,0,0,0
0.584585,0,0,0,0
0.585586,0,0,0,0
0.586587,0,0,0,0
0.587588,0,0,0,0
0.588589,0,0,0,0
0.58959,0,0,0,0
0.590591,0,0,0,0
0.591592,0,0,0,0
0.592593,0,0,0,0
0.593594,0,0,0,0
0.594595,0,0,0,0
0.595596,0,0,0,0
0.596597,0,0,0,0
0.597598,0,0,0,0
0.598599,0,0,0,0
0.5996,0,0,0,0
0.600601,0,0,0,0
0.601602,0,0,0,0
0.602603,0,0,0,0
0.603604,0,0,0,0
0.604605,0,0,0,0
0.605606,0,0,0,0
0.606607,0,0,0,0
0.607608,0,0,0,0
0.608609,0,0,0,0
0.60961,0,0,0,0
0.610611,0,0,0,0
0.611612,0,0,0,0
0.612613,0,0,0,0
0.613614,0,0,0,0
0.614615,0,0,0,0
0.615616,0,0,0,0
0.616617,0,0,0,0
0.617618,0,0,0,0
0.618619,0,0,0,0
0.61962,0,0,0,0
0.620621,0,0,0,0
0.621622,0,0,0,0
0.622623,0,0,0,0
0.623624,0,0,0,0
0.624625,0,0,0,0
0.625626,0,0,0,0
0.626627,0,0,0,0
0.627628,0,0,0,0
0.628629,0,0,0,0
0.62963,0,0,0,0
0.630631,0,0,0,0
0.631632,0,0,0,0
0.632633,0,0,0,0
0.633634,0,0,0,0
0.634635,0,0,0,0
0.635636,0,0,0,0
0.636637,0,0,0,0
0.637638,0,0,0,0
0.638639,0,0,0,0
0.63964,0,0,0,0
0.640641,0,0,0,0
0.641642,0,0,0,0
0.642643,0,0,0,0
0.643644,0,0,0,0
0.644645,0,0,0,0
0.645646,0,0,0,0
0.646647,0,0,0,0
0.647648,0,0,0,0
0.648649,0,0,0,0
0.64965,0,0,0,0
0.650651,0,0,0,0
0.651652,0,0,0,0
0.652653,0,0,0,0
0.653654,0,0,0,0
0.654655,0,0,0,0
0.655656,0,0,0,0
0.656657,0,0,0,0
0.657658,0,0,0,0
0.658659,0,0,0,0
0.65966,0,0,0,0
0.660661,0,0,0,0
0.661662,0,0,0,0
0.662663,0,0,0,0
0.663664,0,0,0,0
0.664665,0,0,0,0
0.665666,0,0,0,0
0.666667,0,0,0,0
0.667668,0,0,0,0
0.668669,0,0,0,0
0.66967,0,0,0,0
0.670671,0,0,0,0
0.671672,0,0,0,0
0.672673,0,0,0,0
0.673674,0,0,0,0
0.674675,0,0,0,0
0.675676,0,0,0,0
0.676677,0,0,0,0
0.677678,0,0,0,0
0.678679,0,0,0,0
0.67968,0,0,0,0
0.680681,0,0,0,0
0.681682,0,0,0,0
0.682683,0,0,0,0
0.683684,0,0,0,0
0.684685,0,0,0,0
0.685686,0,0,0,0
0.686687,0,0,0,0
0.687688,0,0,0,0
0.688689,0,0,0,0
0.68969,0,0,0,0
0.690691,0,0,0,0
0.691692,0,0,0,0
0.692693,0,0,0,0
0.693694,0,0,0,0
0.694695,0,0,0,0
0.695696,0,0,0,0
0.696697,0,0,0,0
0.697698,0,0,0,0
0.698699,0,0,0,0
0.6997,0,0,0,0
0.700701,0,0,0,0
0.701702,0,0,0,0
0.702703,0,0,0,0
0.703704,0,0,0,0
0.704705,0,0,0,0
0.705706,0,0,0,0
0.706707,0,0,0,0
0.707708,0,0,0,0
0.708709,0,0,0,0
0.70971,0,0,0,0
0.710711,0,0,0,0
0.711712,0,0,0,0
0.712713,0,0,0,0
0.713714,0,0,0,0
0.714715,0,0,0,0
0.715716,0,0,0,0
0.716717,0,0,0,0
0.717718,0,0,0,0
0.718719,0,0,0,0
0.71972,0,0,0,0
0.720721,0,0,0,0
0.721722,0,0,0,0
0.722723,0,0,0,0
0.723724,0,0,0,0
0.724725,0,0,0,0
0.725726,0,0,0,0
0.726727,0,0,0,0
0.727728,0,0,0,0
0.728729,0,0,0,0
0.72973,0,0,0,0
0.730731,0,0,0,0
0.731732,0,0,0,0
0.732733,0,0,0,0
0.733734,0,0,0,0
0.734735,0,0,0,0
0.735736,0,0,0,0
0.736737,0,0,0,0
0.737738,0,0,0,0
0.738739,0,0,0,0
0.73974,0,0,0,0
0.740741,0,0,0,0
0.741742,0,0,0,0
0.742743,0,0,0,0
0.743744,0,0,0,0
0.744745,0,0,0,0
0.745746,0,0,0,0
0.746747,0,0,0,0
0.747748,0,0,0,0
0.748749,0,0,0,0
0.74975,0,0,0,0
0.750751,0,0,0,0
0.751752,0,0,0,0
0.752753,0,0,0,0
0.753754,0,0,0,0
0.754755,0,0,0,0
0.755756,0,0,0,0
0.756757,0,0,0,0
0.757758,0,0,0,0
0.758759,0,0,0,0
0.75976,0,0,0,0
0.760761,0,0,0,0
0.761762,0,0,0,0
0.762763,0,0,0,0
0.763764,0,0,0,0
0.764765,0,0,0,0
0.765766,0,0,0,0
0.766767,0,0,0,0
0.767768,0,0,0,0
0.768769,0,0,0,0
0.76977,0,0,0,0
0.770771,0,0,0,0
0.771772,0,0,0,0
0.772773,0,0,0,0
0.773774,0,0,0,0
0.774775,0,0,0,0
0.775776,0,0,0,0
0.776777,0,0,0,0
0.777778,0,0,0,0
0.778779,0,0,0,0
0.77978,0,0,0,0
0.780781,0,0,0,0
0.781782,0,0,0,0
0.782783,0,0,0,0
0.783784,0,0,0,0
0.784785,0,0,0,0
0.785786,0,0,0,0
0.786787,0,0,0,0
0.787788,0,0,0,0
0.788789,0,0,0,0
0.78979,0,0,0,0
0.790791,0,0,0,0
0.791792,0,0,0,0
0.792793,0,0,0,0
0.793794,0,0,0,0
0.794795,0,0,0,0
0.795796,0,0,0,0
0.796797,0,0,0,0
0.797798,0,0,0,0
0.798799,0,0,0,0
0.7998,0,0,0,0
0.800801,0,0,0,0
0.801802,0,0,0,0
0.802803,0,0,0,0
0.803804,0,0,0,0
0.804805,0,0,0,0
0.805806,0,0,0,0
0.806807,0,0,0,0
0.807808,0,0,0,0
0.808809,0,0,0,0
0.80981,0,0,0,0
0.810811,0,0,0,0
0.811812,0,0,0,0
0.812813,0,0,0,0
0.813814,0,0,0,0
0.814815,0,0,0,0
0.815816,0,0,0,0
0.816817,0,0,0,0
0.817818,0,0,0,0
0.818819,0,0,0,0
0.81982,0,0,0,0
0.820821,0,0,0,0
0.821822,0,0,0,0
0.822823,0,0,0,0
0.823824,0,0,0,0
0.824825,0,0,0,0
0.825826,0,0,0,0
0.826827,0,0,0,0
0.827828,0,0,0,0
0.828829,0,0,0,0
0.82983,0,0,0,0
0.830831,0,0,0,0
0.831832,0,0,0,0
0.832833,0,0,0,0
0.833834,0,0,0,0
0.834835,0,0,0,0
0.835836,0,0,0,0
0.836837,0,0,0,0
0.837838,0,0,0,0
0.838839,0,0,0,0
0.83984,0,0,0,0
0.840841,0,0,0,0
0.841842,0,0,0,0
0.842843,0,0,0,0
0.843844,0,0,0,0
0.844845,0,0,0,0
0.845846,0,0,0,0
0.846847,0,0,0,0
0.847848,0,0,0,0
0.848849,0,0,0,0
0.84985,0,0,0,0
0.850851,0,0,0,0
0.851852,0,0,0,0
0.852853,0,0,0,0
0.853854,0,0,0,0
0.854855,0,0,0,0
0.855856,0,0,0,0
0.856857,0,0,0,0
0.857858,0,0,0,0
0.858859,0,0,0,0
0.85986,0,0,0,0
0.860861,0,0,0,0
0.861862,0,0,0,0
0.862863,0,0,0,0
0.863864,0,0,0,0
0.864865,0,0,0,0
0.865866,0,0,0,0
0.866867,0,0,0,0
0.867868,0,0,0,0
0.868869,0,0,0,0
0.86987,0,0,0,0
0.870871,0,0,0,0
0.871872,0,0,0,0
0.872873,0,0,0,0
0.873874,0,0,0,0
0.874875,0,0,0,0
0.875876,0,0,0,0
0.876877,0,0,0,0
0.877878,0,0,0,0
0.878879,0,0,0,0
0.87988,0,0,0,0
0.880881,0,0,0,0
0.881882,0,0,0,0
0.882883,0,0,0,0
0.883884,0,0,0,0
0.884885,0,0,0,0
0.885886,0,0,0,0
0.886887,0,0,0,0
0.887888,0,0,0,0
0.888889,0,0,0,0
0.88989,0,0,0,0
0.890891,0,0,0,0
0.891892,0,0,0,0
0.892893,0,0,0,0
0.893894,0,0,0,0
0.894895,0,0,0,0
0.895896,0,0,0,0
0.896897,0,0,0,0
0.897898,0,0,0,0
0.898899,0,0,0,0
0.8999,0,0,0,0
0.900901,0,0,0,0
0.901902,0,0,0,0
0.902903,0,0,0,0
0.903904,0,0,0,0
0.904905,0,0,0,0
0.905906,0,0,0,0
0.906907,0,0,0,0
0.907908,0,0,0,0
0.908909,0,0,0,0
0.90991,0,0,0,0
0.910911,0,0,0,0
0.911912,0,0,0,0
0.912913,0,0,0,0
0.913914,0,0,0,0
0.914915,0,0,0,0
0.915916,0,0,0,0
0.916917,0,0,0,0
0.917918,0,0,0,0
0.918919,0,0,0,0
0.91992,0,0,0,0
0.920921,0,0,0,0
0.921922,0,0,0,0
0.922923,0,0,0,0
0.923924,0,0,0,0
0.924925,0,0,0,0
0.925926,0,0,0,0
0.926927,0,0,0,0
0.927928,0,0,0,0
0.928929,0,0,0,0
0.92993,0,0,0,0
0.930931,0,0,0,0
0.931932,0,0,0,0
0.932933,0,0,0,0
0.933934,0,0,0,0
0.934935,0,0,0,0
0.935936,0,0,0,0
0.936937,0,0,0,0
0.937938,0,0,0,0
0.938939,0,0,0,0
0.93994,0,0,0,0
0.940941,0,0,0,0
0.941942,0,0,0,0
0.942943,0,0,0,0
0.943944,0,0,0,0
0.944945,0,0,0,0
0.945946,0,0,0,0
0.946947,0,0,0,0
0.947948,0,0,0,0
0.948949,0,0,0,0
0.94995,0,0,0,0
0.950951,0,0,0,0
0.951952,0,0,0,0
0.952953,0,0,0,0
0.953954,0,0,0,0
0.954955,0,0,0,0
0.955956,0,0,0,0
0.956957,0,0,0,0
0.957958,0,0,0,0
0.958959,0,0,0,0
0.95996,0,0,0,0
0.960961,0,0,0,0
0.961962,0,0,0,0
0.962963,0,0,0,0
0.963964,0,0,0,0
0.964965,0,0,0,0
0.965966,0,0,0,0
0.966967,0,0,0,0
0.967968,0,0,0,0
0.968969,0,0,0,0
0.96997,0,0,0,0
0.970971,0,0,0,0
0.971972,0,0,0,0
0.972973,0,0,0,0
0.973974,0,0,0,0
0.974975,0,0,0,0
0.975976,0,0,0,0
0.976977,0,0,0,0
0.977978,0,0,0,0
0.978979,0,0,0,0
0.97998,0,0,0,0
0.980981,0,0,0,0
0.981982,0,0,0,0
0.982983,0,0,0,0
0.983984,0,0,0,0
0.984985,0,0,0,0
0.985986,0,0,0,0
0.986987,0,0,0,0
0.987988,0,0,0,0
0.988989,0,0,0,0
0.98999,0,0,0,0
0.990991,0,0,0,0
0.991992,0,0,0,0
0.992993,0,0,0,0
0.993994,0,0,0,0
0.994995,0,0,0,0
0.995996,0,0,0,0
0.996997,0,0,0,0
0.997998,0,0,0,0
0.998999,0,0,0,0
1,0,0,0,0
